[0, 6, 0.0, 2]
[2, 78, 0.0, 2]
[211, 246, 0.0, 3]
[3, 21, 0.0, 2]
[4, 32, 0.0, 2]
[117, 249, 0.0, 3]
[170, 250, 0.0, 4]
[221, 251, 0.0, 5]
[5, 37, 0.0, 2]
[194, 253, 0.0, 3]
[7, 168, 0.0, 2]
[8, 103, 0.0, 2]
[141, 256, 0.0, 3]
[216, 257, 0.0, 4]
[9, 12, 0.0, 2]
[14, 259, 0.0, 3]
[10, 122, 0.0, 2]
[16, 123, 0.0, 2]
[137, 262, 0.0, 3]
[192, 263, 0.0, 4]
[18, 84, 0.0, 2]
[217, 265, 0.0, 3]
[20, 83, 0.0, 2]
[171, 267, 0.0, 3]
[22, 121, 0.0, 2]
[24, 199, 0.0, 2]
[25, 118, 0.0, 2]
[26, 35, 0.0, 2]
[39, 272, 0.0, 3]
[27, 165, 0.0, 2]
[183, 274, 0.0, 3]
[28, 45, 0.0, 2]
[48, 276, 0.0, 3]
[73, 277, 0.0, 4]
[154, 278, 0.0, 5]
[169, 279, 0.0, 6]
[175, 280, 0.0, 7]
[29, 129, 0.0, 2]
[30, 193, 0.0, 2]
[31, 74, 0.0, 2]
[33, 76, 0.0, 2]
[34, 41, 0.0, 2]
[40, 77, 0.0, 2]
[43, 101, 0.0, 2]
[161, 288, 0.0, 3]
[47, 96, 0.0, 2]
[102, 290, 0.0, 3]
[162, 291, 0.0, 4]
[49, 59, 0.0, 2]
[61, 293, 0.0, 3]
[62, 294, 0.0, 4]
[66, 295, 0.0, 5]
[50, 52, 0.0, 2]
[51, 65, 0.0, 2]
[68, 298, 0.0, 3]
[71, 299, 0.0, 4]
[72, 300, 0.0, 5]
[54, 60, 0.0, 2]
[67, 302, 0.0, 3]
[56, 64, 0.0, 2]
[75, 99, 0.0, 2]
[132, 305, 0.0, 3]
[142, 306, 0.0, 4]
[150, 307, 0.0, 5]
[209, 308, 0.0, 6]
[82, 152, 0.0, 2]
[85, 176, 0.0, 2]
[86, 220, 0.0, 2]
[88, 108, 0.0, 2]
[149, 313, 0.0, 3]
[179, 314, 0.0, 4]
[195, 315, 0.0, 5]
[89, 93, 0.0, 2]
[97, 317, 0.0, 3]
[90, 204, 0.0, 2]
[94, 147, 0.0, 2]
[155, 320, 0.0, 3]
[181, 321, 0.0, 4]
[186, 322, 0.0, 5]
[98, 146, 0.0, 2]
[100, 131, 0.0, 2]
[106, 160, 0.0, 2]
[114, 158, 0.0, 2]
[119, 185, 0.0, 2]
[126, 174, 0.0, 2]
[133, 157, 0.0, 2]
[139, 190, 0.0, 2]
[143, 159, 0.0, 2]
[212, 332, 0.0, 3]
[144, 184, 0.0, 2]
[223, 226, 0.0, 2]
[231, 233, 0.0, 2]
[234, 235, 0.0, 2]
[236, 337, 0.0, 3]
[238, 239, 0.0, 2]
[240, 339, 0.0, 3]
[241, 340, 0.0, 4]
[243, 244, 0.0, 2]
[164, 245, 1.0, 3]
[214, 343, 1.0, 4]
[1, 282, 1.0, 3]
[17, 247, 1.0, 4]
[248, 266, 1.0, 5]
[270, 347, 1.0, 7]
[252, 292, 1.0, 9]
[254, 323, 1.0, 8]
[255, 327, 1.0, 4]
[215, 351, 1.0, 5]
[112, 258, 1.0, 5]
[178, 353, 1.0, 6]
[202, 354, 1.0, 7]
[260, 346, 1.0, 7]
[15, 275, 1.0, 4]
[120, 357, 1.0, 5]
[203, 358, 1.0, 6]
[264, 268, 1.0, 7]
[285, 360, 1.0, 9]
[310, 361, 1.0, 11]
[177, 362, 1.0, 12]
[42, 356, 1.0, 8]
[201, 364, 1.0, 9]
[284, 348, 1.0, 9]
[91, 366, 1.0, 10]
[153, 367, 1.0, 11]
[324, 363, 1.0, 14]
[326, 369, 1.0, 16]
[113, 269, 1.0, 3]
[23, 359, 1.0, 7]
[325, 368, 1.0, 13]
[273, 370, 1.0, 19]
[172, 374, 1.0, 20]
[191, 375, 1.0, 21]
[328, 372, 1.0, 9]
[329, 377, 1.0, 11]
[281, 316, 1.0, 12]
[376, 379, 1.0, 33]
[355, 380, 1.0, 40]
[116, 283, 1.0, 3]
[188, 382, 1.0, 4]
[352, 373, 1.0, 18]
[111, 381, 1.0, 41]
[87, 286, 1.0, 3]
[36, 334, 1.0, 3]
[38, 385, 1.0, 42]
[384, 388, 1.0, 60]
[44, 287, 1.0, 3]
[289, 390, 1.0, 6]
[389, 391, 1.0, 66]
[206, 392, 1.0, 67]
[46, 350, 1.0, 9]
[331, 394, 1.0, 11]
[180, 395, 1.0, 12]
[213, 349, 1.0, 10]
[296, 301, 1.0, 10]
[303, 398, 1.0, 13]
[70, 399, 1.0, 14]
[309, 393, 1.0, 73]
[80, 115, 1.0, 2]
[330, 402, 1.0, 4]
[210, 403, 1.0, 5]
[312, 401, 1.0, 75]
[148, 386, 1.0, 4]
[318, 371, 1.0, 6]
[92, 225, 1.0, 2]
[95, 405, 1.0, 76]
[383, 409, 1.0, 80]
[218, 410, 1.0, 81]
[197, 411, 1.0, 82]
[105, 145, 1.0, 2]
[107, 412, 1.0, 83]
[109, 396, 1.0, 13]
[397, 415, 1.0, 23]
[110, 124, 1.0, 2]
[182, 417, 1.0, 3]
[378, 414, 1.0, 94]
[404, 419, 1.0, 99]
[127, 344, 1.0, 5]
[128, 138, 1.0, 2]
[136, 420, 1.0, 100]
[208, 423, 1.0, 101]
[205, 333, 1.0, 4]
[424, 425, 1.0, 105]
[406, 426, 1.0, 109]
[173, 421, 1.0, 6]
[166, 196, 1.0, 2]
[427, 428, 1.0, 115]
[222, 430, 1.0, 116]
[224, 431, 1.0, 117]
[227, 432, 1.0, 118]
[335, 433, 1.0, 120]
[228, 434, 1.0, 121]
[336, 435, 1.0, 123]
[338, 436, 1.0, 126]
[232, 437, 1.0, 127]
[237, 438, 1.0, 128]
[341, 439, 1.0, 132]
[242, 342, 1.0, 3]
[365, 440, 1.4142135623730951, 141]
[345, 442, 1.4142135623730951, 144]
[189, 443, 1.4142135623730951, 145]
[261, 444, 1.4142135623730951, 147]
[81, 445, 1.4142135623730951, 148]
[140, 446, 1.4142135623730951, 149]
[13, 447, 1.4142135623730951, 150]
[387, 448, 1.4142135623730951, 153]
[319, 449, 1.4142135623730951, 155]
[297, 400, 1.4142135623730951, 16]
[304, 451, 1.4142135623730951, 18]
[53, 58, 1.4142135623730951, 2]
[63, 453, 1.4142135623730951, 3]
[55, 454, 1.4142135623730951, 4]
[311, 450, 1.4142135623730951, 157]
[163, 456, 1.4142135623730951, 158]
[408, 457, 1.4142135623730951, 160]
[416, 458, 1.4142135623730951, 183]
[151, 459, 2.0, 184]
[407, 460, 2.0, 190]
[104, 271, 2.0, 3]
[413, 462, 2.0, 5]
[429, 461, 2.0, 192]
[441, 464, 2.0, 195]
[422, 465, 2.23606797749979, 197]
[230, 463, 2.23606797749979, 6]
[125, 466, 2.23606797749979, 198]
[167, 468, 2.23606797749979, 199]
[11, 469, 2.8284271247461903, 200]
[156, 452, 2.8284271247461903, 19]
[455, 471, 2.8284271247461903, 23]
[229, 470, 2.8284271247461903, 201]
[418, 473, 3.0, 204]
[19, 474, 3.1622776601683795, 205]
[69, 472, 3.605551275463989, 24]
[467, 475, 3.605551275463989, 211]
[134, 135, 4.123105625617661, 2]
[187, 198, 4.123105625617661, 2]
[57, 479, 5.0, 3]
[130, 480, 5.0990195135927845, 4]
[477, 478, 6.324555320336759, 213]
[207, 482, 7.615773105863909, 214]
[219, 481, 9.486832980505138, 5]
[79, 476, 9.848857801796104, 25]
[483, 484, 11.704699910719626, 219]
[200, 486, 14.866068747318506, 220]
[485, 487, 16.278820596099706, 245]